%YAML:1.0
e_vectors: !!opencv-matrix
   rows: 20
   cols: 128
   dt: f
   data: [ -1.55372138e-003, -2.20115706e-002, -2.52491347e-002,
       -1.70892794e-002, 1.54863847e-002, 3.22154239e-002,
       2.06335448e-002, 1.40521629e-002, -7.96176419e-002,
       -2.07009539e-002, 1.02268448e-002, 3.51074301e-002,
       7.68117681e-002, 3.49589363e-002, -1.38780028e-002,
       -5.69675751e-002, 1.14209801e-001, 3.94590609e-002,
       -2.73424876e-003, -2.91198064e-002, -6.04337379e-002,
       -3.73909511e-002, -1.96998678e-002, 2.92358100e-002,
       1.80540625e-002, -1.65609512e-002, -2.81108022e-002,
       -3.20233814e-002, 2.03278125e-003, 1.16100423e-002,
       1.12330783e-002, 1.81188658e-002, -4.35185060e-002,
       4.09610366e-005, -4.45909286e-003, -6.75144140e-003,
       1.56940930e-002, 3.70270349e-002, 3.46214697e-002,
       2.15147492e-002, -2.62990028e-001, -2.28136289e-003,
       9.03488770e-002, 1.81915402e-001, 2.07478032e-001,
       5.50969765e-002, -8.01912397e-002, -2.17856616e-001,
       2.88430154e-001, 1.89924315e-001, 4.79929596e-002,
       -5.60272448e-002, -2.25849330e-001, -2.10122317e-001,
       -1.21825330e-001, -1.90070539e-003, 3.80510464e-002,
       -2.30241232e-002, -3.92642878e-002, -2.08285730e-002,
       1.00031309e-002, 4.58670082e-003, -4.90749674e-003,
       -8.80379323e-003, -4.63346504e-002, 2.81639472e-002,
       3.94918583e-002, 3.08928415e-002, 8.91903695e-003,
       -6.54268125e-003, -4.62137582e-003, -3.21783964e-003,
       -2.65927434e-001, -2.09218219e-001, -7.20876902e-002,
       5.44618070e-002, 2.03003407e-001, 1.89773127e-001,
       8.84007886e-002, -1.04979454e-002, 2.85583228e-001,
       3.74633376e-003, -1.17876709e-001, -2.05409735e-001,
       -2.30165333e-001, -5.13399877e-002, 5.03109396e-002,
       1.86917946e-001, 3.37832235e-002, -8.14447820e-004,
       3.87532782e-004, 1.21998880e-002, 1.57053340e-002,
       -2.52621118e-002, -4.12186757e-002, -3.29795703e-002,
       -1.41656119e-002, 1.85375027e-002, 2.69989390e-002,
       3.18322144e-002, 1.25303231e-002, -8.26724153e-003,
       -1.77700315e-002, -2.44845096e-002, -9.10132304e-002,
       -5.22582009e-002, -9.92795220e-004, 3.16578001e-002,
       7.03756362e-002, 3.53156440e-002, 5.68893459e-003,
       -2.28618570e-002, 1.15467727e-001, 3.66447344e-002,
       -1.51598435e-002, -4.30722237e-002, -6.51091784e-002,
       -2.80571058e-002, -4.71772067e-003, 3.76820825e-002,
       6.81536552e-003, 2.57750191e-002, 2.42314246e-002,
       1.82970315e-002, 1.76635291e-002, -2.43068412e-002,
       -2.85263676e-002, -2.92974506e-002, 6.20032884e-002,
       -3.15836035e-002, -7.81388283e-002, -4.45300937e-002,
       1.68821607e-002, -3.74713913e-002, -5.41410521e-002,
       -2.84330007e-002, 3.64399731e-001, 2.17168164e-002,
       -1.00504845e-001, -8.65130275e-002, -2.19999850e-002,
       -6.20216541e-002, -8.62133428e-002, 2.80154962e-002,
       2.01140448e-001, -2.56272648e-002, -8.31910521e-002,
       1.95674784e-003, 1.46556675e-001, -3.36802825e-002,
       -1.11772418e-001, -3.01045682e-002, 1.24863079e-002,
       -3.77951190e-002, -4.31796052e-002, 2.27235965e-002,
       1.05612613e-001, -2.06354018e-002, -8.31460282e-002,
       -7.40376338e-002, 5.92431389e-002, -5.70417009e-002,
       -1.17371298e-001, -9.25670639e-002, 1.13394577e-002,
       -2.61549633e-002, -4.22726125e-002, -1.87799931e-002,
       1.68428570e-001, -3.39843147e-002, -9.17055905e-002,
       -8.36938694e-002, 6.10303413e-003, -6.06933348e-002,
       -1.61219165e-001, -1.16151914e-001, 1.40513703e-001,
       -4.16842550e-002, -6.11670502e-002, 2.32873987e-002,
       1.05963834e-001, -1.49089471e-001, -2.11713105e-001,
       -9.47679877e-002, 1.33159077e-002, -4.52291816e-002,
       -4.13895398e-002, 2.80631222e-002, 9.14287046e-002,
       -6.23705164e-002, -1.03056461e-001, -7.19858557e-002,
       4.85249050e-002, -2.96088867e-002, -5.42162582e-002,
       -3.57277840e-002, 7.74116116e-003, -6.91468120e-002,
       -1.05687656e-001, -5.78302331e-002, 1.56804055e-001,
       -1.07519850e-001, -1.34268045e-001, -4.15038913e-002,
       1.64325461e-002, -7.96162784e-002, -1.02541745e-001,
       -4.97554168e-002, 1.25613302e-001, -8.38782564e-002,
       -1.74990848e-001, -1.04818612e-001, 9.72388238e-002,
       -2.20507476e-002, -8.01083967e-002, -4.93710637e-002,
       2.04650890e-002, -8.07498172e-002, -1.00461520e-001,
       -3.80004458e-002, 8.42490718e-002, -1.91924889e-002,
       -4.88771684e-002, -2.48564500e-002, 4.79027480e-002,
       -3.10569815e-002, -4.86721024e-002, -2.96230130e-002,
       1.21276891e-002, -4.71198559e-002, -8.55852887e-002,
       -4.63030152e-002, 3.08472067e-001, 1.10454215e-002,
       -7.69581497e-002, -3.84979397e-002, 2.93838396e-003,
       -7.64454678e-002, -1.02967158e-001, 2.07784190e-003,
       1.79671377e-001, -1.82504728e-002, -9.43483263e-002,
       -2.58549210e-002, 1.32795647e-001, -1.74588095e-002,
       -8.32066834e-002, -3.32354307e-002, 1.98128093e-002,
       -5.73159382e-002, -6.98134080e-002, -2.48618238e-002,
       8.99100900e-002, -4.32644738e-003, -4.52076904e-002,
       -2.90874057e-002, -3.70403379e-002, -9.47586820e-003,
       4.91996901e-003, -1.38753634e-002, 3.31665244e-004,
       2.46988609e-002, 1.66726168e-002, -1.47482809e-002,
       -1.97127685e-001, -1.66726205e-002, 1.23160295e-002,
       -6.70873746e-003, 4.91276383e-003, 3.85964923e-002,
       5.53437062e-002, -6.12776428e-002, -9.02913362e-002,
       1.70058385e-002, 9.37897712e-003, -6.34754151e-002,
       -9.06782299e-002, 2.72751804e-002, 5.40339984e-002,
       -3.34194303e-002, 1.05164088e-002, 1.57869197e-002,
       -1.00078564e-002, -1.01222172e-001, -8.89774114e-002,
       1.56240920e-002, 2.59905234e-002, 1.04637472e-002,
       -2.09316052e-002, -2.51168758e-003, -1.68283153e-002,
       -4.30414602e-002, -1.53732076e-002, 2.63280608e-002,
       2.19768528e-002, 1.57350134e-002, -1.20843844e-002,
       -6.38423562e-002, -4.48025279e-002, -7.68092498e-002,
       -1.49118118e-002, 9.14152712e-002, 1.61195382e-001,
       1.29801989e-001, -8.17636549e-002, -4.70908321e-002,
       -1.05374053e-001, -2.57838041e-001, -8.70603099e-002,
       2.45107725e-001, 2.20338687e-001, 7.63823166e-002,
       -9.88000631e-003, -2.26888992e-002, -9.67571288e-002,
       -1.75859362e-001, -4.71612960e-002, 1.24181136e-001,
       1.03982791e-001, 2.29581110e-002, 5.60290068e-002,
       -3.57376691e-003, -2.71011945e-002, -4.67309020e-002,
       -2.38820724e-002, 3.07958596e-003, 4.64843307e-003,
       2.32808441e-002, 4.94152158e-002, -1.48068577e-001,
       -1.84234321e-001, -1.14169888e-001, -2.18134522e-002,
       4.91219833e-002, 4.23505232e-002, 9.14126113e-002,
       1.29402459e-001, -6.54205382e-002, -2.37918198e-001,
       -2.96729118e-001, 5.66513278e-002, 2.24343702e-001,
       1.01504773e-001, 5.93067296e-002, -4.24319431e-002,
       -5.66673465e-002, -1.08345717e-001, -1.10204674e-001,
       8.14530402e-002, 1.65848643e-001, 7.37531111e-002,
       -1.45836892e-002, 5.78429177e-002, 2.40304973e-003,
       -1.94319375e-002, -3.51995602e-002, -1.14643816e-002,
       -6.88324263e-003, 1.08205213e-003, 3.53627056e-002,
       2.75971979e-001, 6.75545782e-002, -6.43228590e-002,
       -5.88704236e-002, -4.88628559e-002, -2.99524106e-002,
       -1.65949799e-002, 6.46626055e-002, 1.21275730e-001,
       3.23004015e-002, -6.67665973e-002, -4.28649634e-002,
       9.17481482e-002, 4.38023731e-002, -2.03185193e-002,
       -2.34541073e-002, -4.36605066e-002, -3.78876366e-002,
       -3.45910639e-002, -7.60415569e-004, 1.16397992e-001,
       9.28210318e-002, -8.66194721e-003, -4.73557413e-002,
       1.08485334e-002, 3.11441196e-004, -1.00781559e-004,
       4.83490564e-002, 8.53743553e-002, 3.24803032e-002,
       8.10749549e-003, 8.10702238e-003, -1.53941140e-001,
       -2.06306707e-002, 3.62087004e-002, 9.82410684e-002,
